nan 6.534627994070009827e+00 1.229673418481563374e+01 1.571439877317904354e+01 2.797412039020535701e+01 4.402936202716048086e+01 9.363330307151451848e+01 2.775087115179745183e+02 5.932926407908103101e+02 7.793910275768984093e+02 9.531043353873623118e+02 1.259383935809806417e+03 5.060333413712135552e+03 1.011652453017451990e+04
nan nan 7.424528414751899064e+00 1.051029750007299057e+01 1.937150657488260208e+01 3.088094237106640705e+01 6.606628341938966287e+01 1.965213229131057346e+02 4.215880472030174246e+02 5.510963613206012042e+02 6.711784532803836782e+02 8.840354471145303705e+02 3.542630516546500075e+03 7.066856427741308835e+03
nan nan nan 6.420761669224072321e+00 1.322061187319457254e+01 2.179149620668470888e+01 4.758815022545234541e+01 1.442152264642065234e+02 3.141713508218601305e+02 4.113600561186811433e+02 5.004803176584446760e+02 6.588813910391877471e+02 2.640617268554389284e+03 5.268841140062745581e+03
nan nan nan nan 8.736206211417517409e+00 1.607752846324241958e+01 3.694335220921134066e+01 1.156605456454599619e+02 2.573033314684515744e+02 3.385500485831037736e+02 4.118695639839193063e+02 5.423199315068243322e+02 2.174462320268482472e+03 4.338175773395632859e+03
nan nan nan nan nan 9.221646363275240788e+00 2.549332481441947706e+01 8.677531227916551870e+01 1.997017991321861246e+02 2.618157923232733992e+02 3.194097717806150172e+02 4.214887437458151567e+02 1.693437806197256123e+03 3.383756202057425980e+03
nan nan nan nan nan nan 1.501694727712183486e+01 6.089520535533027612e+01 1.441774206099088076e+02 1.897330841517655529e+02 2.334615133606463360e+02 3.101795564468954467e+02 1.252213034737837688e+03 2.508933148634830559e+03
nan nan nan nan nan nan nan 2.628706793244211326e+01 6.762037258505257853e+01 9.333273148799813157e+01 1.187872577651055224e+02 1.622127828856020528e+02 6.664297168215670126e+02 1.344099869290759898e+03
nan nan nan nan nan nan nan nan 1.888722582984518183e+01 3.315244369832772975e+01 4.759677263753922460e+01 7.070856284154920957e+01 3.037732848029952493e+02 6.214446889400176133e+02
nan nan nan nan nan nan nan nan nan 1.460887825561495212e+01 2.573543611139591647e+01 4.250571357162129260e+01 1.911870729543415450e+02 3.958030940891279101e+02
nan nan nan nan nan nan nan nan nan nan 1.186631992617388853e+01 2.453593080652338188e+01 1.191323410830780318e+02 2.510339531145183969e+02
nan nan nan nan nan nan nan nan nan nan nan 1.307737184582345868e+01 7.286773138724738885e+01 1.584651922983634051e+02
nan nan nan nan nan nan nan nan nan nan nan nan 3.119175001154557236e+01 7.684467944725514599e+01
nan nan nan nan nan nan nan nan nan nan nan nan nan 2.570046175152018719e+01
