nan 2.633621274159569231e-03 2.997532344212860706e-03 3.210843509612468661e-03 3.389429092418272480e-03 3.379228615333439330e-03 3.352816520332720703e-03 3.343921559992990480e-03 3.354296333134068608e-03 3.362170053246156445e-03 3.356393467109075861e-03 3.352887957232585439e-03 3.349161813267089761e-03 3.341300051038499988e-03
nan nan 1.809851601999147271e-03 2.147515854682518783e-03 2.347110366046327706e-03 2.370094848623914736e-03 2.365698092657604959e-03 2.368040574628642921e-03 2.383530729356954630e-03 2.377342844509760470e-03 2.363580661858065857e-03 2.353588703266316917e-03 2.344676106199185695e-03 2.334051350566581154e-03
nan nan nan 1.311921711416896711e-03 1.601849347808829071e-03 1.672485000058223856e-03 1.704034045729527908e-03 1.737763122516232861e-03 1.776229364033374671e-03 1.774542447689941588e-03 1.762460631262125019e-03 1.754155677584866117e-03 1.747682177488849324e-03 1.740200314613550396e-03
nan nan nan nan 1.058505185410992715e-03 1.233941209807041866e-03 1.322865663608064658e-03 1.393685229226961173e-03 1.454714860608086061e-03 1.460451550757474546e-03 1.450414464115153124e-03 1.443831317530033321e-03 1.439159354144018549e-03 1.432818839100937370e-03
nan nan nan nan nan 7.077561390065620437e-04 9.128636691446281393e-04 1.045624247318922275e-03 1.129053297638246819e-03 1.129432063328921626e-03 1.124813760184551707e-03 1.122139557946416795e-03 1.120795167031909305e-03 1.117591791223707456e-03
nan nan nan nan nan nan 5.377260789063944202e-04 7.337744064827322107e-04 8.151353312387760262e-04 8.184786212234902714e-04 8.221436721789793668e-04 8.257984478115513874e-04 8.287722833944150035e-04 8.286539940254686494e-04
nan nan nan nan nan nan nan 3.167536353272284565e-04 3.823050417494991957e-04 4.026226934793021356e-04 4.183138835231118408e-04 4.318629694895970888e-04 4.410738930279035756e-04 4.439312086346102414e-04
nan nan nan nan nan nan nan nan 1.067826364063440003e-04 1.430144169621572485e-04 1.676138601039784055e-04 1.882490971049336653e-04 2.010511565494990823e-04 2.052516320876320900e-04
nan nan nan nan nan nan nan nan nan 6.302039829128180828e-05 9.062832517951589653e-05 1.131639773189784047e-04 1.265364140224249688e-04 1.307264065377979003e-04
nan nan nan nan nan nan nan nan nan nan 4.178770067460590580e-05 6.532259510503092331e-05 7.884727247406080985e-05 8.291184960330115667e-05
nan nan nan nan nan nan nan nan nan nan nan 3.481619967299293621e-05 4.822722208783209705e-05 5.233810816501952267e-05
nan nan nan nan nan nan nan nan nan nan nan nan 2.064413734963916017e-05 2.538036957191279401e-05
nan nan nan nan nan nan nan nan nan nan nan nan nan 8.488384909850658366e-06
