3.135032990981625467e+00 6.518228922537931957e+00 6.367214621477391923e+00 7.147370690178228791e+00 8.468330897850462335e+00 6.455708976220218887e+00 6.479090507042927882e+00 3.896765093871491281e+00 3.661745963756027233e+00 2.891223852156808771e+00 3.348156088196158287e+00 2.882576350757927841e+00 1.624707690738423693e+00 1.063602443351153282e+00
nan 3.072005962271491253e+00 3.138592510150066683e+00 3.134034906099402829e+00 3.255728947830274667e+00 3.273576274748817294e+00 3.271336687098003626e+00 3.269339650975263023e+00 3.289001677735407192e+00 3.296871722847047437e+00 3.279884829842089289e+00 3.270639432820140247e+00 3.271174530102540778e+00 3.260386574752445643e+00
nan nan 9.138009710519760631e+00 9.781381848274907753e+00 1.071331853199242801e+01 1.099149013564539956e+01 1.111100959944992006e+01 1.136940573614056049e+01 1.172287676166804893e+01 1.178105378566149852e+01 1.166344083527926756e+01 1.153598451444377204e+01 1.135171656893523817e+01 1.119920617335181134e+01
nan nan nan 1.430298122242018444e+01 1.718046661383018048e+01 1.622948747484044318e+01 1.445371772359557738e+01 1.454634907976514846e+01 1.468078144466774226e+01 1.468278977475179836e+01 1.490891500168383565e+01 1.478856195785608918e+01 1.464769847644069500e+01 1.444266015271751513e+01
nan nan nan nan 1.785490907008890460e+01 1.829288722240363896e+01 1.796495222326178620e+01 1.781097412116131196e+01 1.719184939498007481e+01 1.878429956844508908e+01 1.910875375197253234e+01 1.906681052571988033e+01 1.901077340320934539e+01 1.872742196898784783e+01
nan nan nan nan nan 1.867733190765041940e+01 1.889216454090826147e+01 1.891020128920933630e+01 1.815286266165011142e+01 1.751420392722505071e+01 1.676210567495370896e+01 1.726670521904824440e+01 1.756251833336937551e+01 1.799241509490946100e+01
nan nan nan nan nan nan 1.559259441001113622e+01 1.718677830267027318e+01 1.678333440177184599e+01 1.665696685686704726e+01 1.632937937744156898e+01 1.579465925463420106e+01 1.533197300829173848e+01 1.551166613788845972e+01
nan nan nan nan nan nan nan 1.519368967908938295e+01 1.368294311513034245e+01 1.374838456959408184e+01 1.286995084065430817e+01 1.219218447104652192e+01 1.246256432765976285e+01 1.298748279855940346e+01
nan nan nan nan nan nan nan nan 6.527798283191927453e+00 6.841942210334933883e+00 6.865572685791489604e+00 7.217682539316848889e+00 7.186803162960811342e+00 7.332382930479884209e+00
nan nan nan nan nan nan nan nan nan 5.638897501610890650e+00 5.936373044392386333e+00 6.191541206556657073e+00 5.941019372848002078e+00 5.873331482416698890e+00
nan nan nan nan nan nan nan nan nan nan 4.822953654482439845e+00 6.159085627672832075e+00 5.499422527683425876e+00 5.817656015835275696e+00
nan nan nan nan nan nan nan nan nan nan nan 5.570531342394496654e+00 5.577253045606253679e+00 5.631642596009996282e+00
nan nan nan nan nan nan nan nan nan nan nan nan 3.762318494431815985e+00 4.094452396777446879e+00
nan nan nan nan nan nan nan nan nan nan nan nan nan 2.434651060096806763e+00
