nan 2.908018128539682223e-01 3.040605382598534079e-01 3.186856710567326778e-01 3.311486508380786509e-01 3.270440979371169177e-01 3.232626211412676365e-01 3.220865029892114317e-01 3.220700957695500910e-01 3.223538406702249892e-01 3.217399442217550587e-01 3.213266308792000481e-01 3.206864585081516394e-01 3.201230507908673362e-01
nan nan 1.065581085791706073e+00 1.097219257271193626e+00 1.127966086341700924e+00 1.123097593738861422e+00 1.112724318797796874e+00 1.110415133815331190e+00 1.112204019749166939e+00 1.109512855911861440e+00 1.105050703551228697e+00 1.101575910959109672e+00 1.097091230562994069e+00 1.093109958832236384e+00
nan nan nan 1.825159896848580265e+00 1.767917243597461718e+00 1.799315597569973280e+00 1.820774451083933210e+00 1.856015650007950546e+00 1.893839809841567190e+00 1.902670193118411124e+00 1.896375741743076215e+00 1.892538780098319551e+00 1.885393906880328485e+00 1.877117176693670286e+00
nan nan nan nan 2.364602170506749701e+00 2.412189510813405047e+00 2.431306260215068793e+00 2.488667967830076044e+00 2.553774261405577395e+00 2.573401739381784736e+00 2.557893970605056300e+00 2.546234150783735828e+00 2.527327991469621615e+00 2.510021903730634829e+00
nan nan nan nan nan 2.684213667824221883e+00 2.723899008303791280e+00 2.749743341613312797e+00 2.822832520111822063e+00 2.802191283580256265e+00 2.755055056646117162e+00 2.718112663250783712e+00 2.671599487529733530e+00 2.630848316495746797e+00
nan nan nan nan nan nan 2.969247655130299979e+00 2.772309016353982969e+00 2.790040586796715960e+00 2.675142332775366505e+00 2.568160935831797165e+00 2.505486889213532908e+00 2.442482245321781598e+00 2.364713818795100231e+00
nan nan nan nan nan nan nan 2.042855227925909123e+00 1.987350170226560797e+00 1.830572211110615077e+00 1.715906366257645477e+00 1.647187391191731853e+00 1.576437398172070958e+00 1.516488088051105354e+00
nan nan nan nan nan nan nan nan 1.231405137389814719e+00 1.112536131687148711e+00 1.035657274689439022e+00 1.011983726634309466e+00 9.739689619958104005e-01 9.367599023667942948e-01
nan nan nan nan nan nan nan nan nan 8.559541600077511525e-01 8.088132302703479048e-01 8.100876484510299846e-01 7.846913421425397717e-01 7.608290251985352359e-01
nan nan nan nan nan nan nan nan nan nan 6.850524098889773095e-01 7.189656677753945013e-01 7.067600661278909957e-01 6.935919692088512445e-01
nan nan nan nan nan nan nan nan nan nan nan 7.210599159380427503e-01 7.006848589220628920e-01 6.901898593167468121e-01
nan nan nan nan nan nan nan nan nan nan nan nan 6.678548291396770864e-01 6.729794527308723406e-01
nan nan nan nan nan nan nan nan nan nan nan nan nan 6.449001512162390037e-01
