nan 4.160534653587812798e-02 2.043813167140227927e-02 8.895897165931806322e-03 -7.256990089550723229e-03 -8.882692877959433644e-03 -7.657569863821310843e-03 -2.852113771416375581e-05 -3.652939657956345669e-03 4.068622331258597152e-02 1.099923373895704964e-01 1.992146731164299522e+00 7.903343462553777954e-01 7.855353982377601130e-02
nan nan 7.162549491823423653e-02 3.062814104192025655e-02 -2.471892513895084659e-02 -3.050393222224039025e-02 -2.635864357062019797e-02 -9.832856284729031158e-05 -1.261468923953513663e-02 1.400383123401224006e-01 3.777806020063652626e-01 6.829501943682748433e+00 2.703790127351048067e+00 2.682332823917468745e-01
nan nan nan 5.094811668158512330e-02 -3.874319851058660030e-02 -4.887037541588426515e-02 -4.313120866313545354e-02 -1.643523633006535459e-04 -2.148005244217656567e-02 2.401474857766977555e-01 6.483086857857963681e-01 1.173327879503369786e+01 4.646568388824749540e+00 4.606172486767606822e-01
nan nan nan nan -5.181930976819308643e-02 -6.551635917952126908e-02 -5.759372204003405937e-02 -2.203744682765771702e-04 -2.896507126706854285e-02 3.248045614216735211e-01 8.744600776943739495e-01 1.578603063923972449e+01 6.228620083315076883e+00 6.159228618062374538e-01
nan nan nan nan nan -7.290468099102664912e-02 -6.452477210151867648e-02 -2.434929989208056570e-04 -3.201674727312648489e-02 3.536814703100235047e-01 9.418629882915597884e-01 1.685163549070109212e+01 6.584178341223418052e+00 6.455719058330882110e-01
nan nan nan nan nan nan -7.033668563929505735e-02 -2.454912158933226130e-04 -3.164481906482265877e-02 3.376458556161516245e-01 8.779700164615925617e-01 1.553340755686752850e+01 6.019517062170208987e+00 5.802663715644363895e-01
nan nan nan nan nan nan nan -1.808972271269804308e-04 -2.254065293991587907e-02 2.310475644286008878e-01 5.866121237226257223e-01 1.021216003167595332e+01 3.885142597828720401e+00 3.721241164068118112e-01
nan nan nan nan nan nan nan nan -1.396667595181222930e-02 1.404198982181535660e-01 3.540572640215598477e-01 6.274052254834461273e+00 2.400354310041504124e+00 2.298672529644210372e-01
nan nan nan nan nan nan nan nan nan 1.080351393580559066e-01 2.765067232302611533e-01 5.022345818031474174e+00 1.933878099466787681e+00 1.866963749794516847e-01
nan nan nan nan nan nan nan nan nan nan 2.341969567388013651e-01 4.457411764966860090e+00 1.741815845362225224e+00 1.701973795391965028e-01
nan nan nan nan nan nan nan nan nan nan nan 4.470395592731310153e+00 1.726843448530376968e+00 1.693625512622759510e-01
nan nan nan nan nan nan nan nan nan nan nan nan 1.645933577105460177e+00 1.651393678464397885e-01
nan nan nan nan nan nan nan nan nan nan nan nan nan 1.582491157252498559e-01
