nan -3.433070614610876703e+00 2.774498716511946839e+01 1.268674124122281377e+01 3.055770860841719383e+01 4.984527942932371047e+01 1.242807650744284942e+01 -1.935879913803433894e+01 8.291602676476319544e+00 8.620751529710624084e+00 6.005938394546738834e+01 4.240805610772818035e+00 1.364405285390053901e+00 1.680454768577585023e+00
nan nan 2.931477500262985814e+01 1.435608117436790643e+01 3.231332079353128250e+01 5.159916028874987859e+01 1.418492101974247355e+01 -1.761139912988351597e+01 1.003835984587136387e+01 1.035373702346639391e+01 6.177086393700108857e+01 5.939585059938889522e+00 3.054206755258415562e+00 3.359670705555088066e+00
nan nan nan 1.691103384793525777e+01 3.441858187649736323e+01 5.368672557291157688e+01 1.635529463378023252e+01 -1.542247404439784475e+01 1.224345540812452526e+01 1.253574590313222359e+01 6.389758626285808418e+01 8.042013617450045615e+00 5.149295696283834545e+00 5.447053426996795622e+00
nan nan nan nan 3.579069208963395710e+01 5.486861386769477633e+01 1.784237126591364486e+01 -1.375358344407553979e+01 1.393287562242909416e+01 1.417920404993464700e+01 6.545181091754790259e+01 9.560005477928696038e+00 6.664677332799463727e+00 6.962523687019054108e+00
nan nan nan nan nan 5.569029406458106735e+01 1.918169184741299915e+01 -1.230870448697411135e+01 1.521372296276626912e+01 1.525693348749733502e+01 6.633340522744333612e+01 1.032723812283969345e+01 7.373933857957729820e+00 7.612143135099714186e+00
nan nan nan nan nan nan 2.118351775341693610e+01 -1.137457298669574790e+01 1.541978037390456890e+01 1.532741946415648648e+01 6.635864123948175575e+01 1.029344079588277161e+01 7.296447373823651716e+00 7.368125937052525387e+00
nan nan nan nan nan nan nan -1.254063195189160851e+01 1.393787208216650697e+01 1.376303870590166056e+01 6.470584931442374454e+01 8.562807406844926916e+00 5.539197314107976666e+00 5.701062941724792665e+00
nan nan nan nan nan nan nan nan 1.146074564225735237e+01 1.171850714890099532e+01 6.287634539275685341e+01 6.925779502803138143e+00 4.003440190953526212e+00 4.207620852931304611e+00
nan nan nan nan nan nan nan nan nan 1.159914765785688040e+01 6.261541088344223027e+01 6.672826269941142918e+00 3.734074515744934875e+00 3.909035637651119721e+00
nan nan nan nan nan nan nan nan nan nan 6.212654331305419930e+01 6.248482002935958235e+00 3.335074191394842291e+00 3.506775354005047252e+00
nan nan nan nan nan nan nan nan nan nan nan 6.121633811712574591e+00 3.116389696448248703e+00 3.241047144758754328e+00
nan nan nan nan nan nan nan nan nan nan nan nan 2.862259933939481193e+00 2.892344427593482870e+00
nan nan nan nan nan nan nan nan nan nan nan nan nan 2.528883554039794479e+00
