nan 2.318265213513107936e-01 2.537992136002583665e-01 2.700970099974343008e-01 2.839242953767353583e-01 2.827427338869100693e-01 2.806364480223352276e-01 2.799117398823759428e-01 2.807465647355594229e-01 2.814854220447609023e-01 2.809406621163302309e-01 2.807192237783558975e-01 2.805195448694327021e-01 2.800036991481531512e-01
nan nan 1.823587051110648449e+00 1.939436943142527126e+00 2.039536480490824477e+00 2.036623593313084069e+00 2.037480960321958801e+00 2.027311748033200356e+00 2.027503734130604585e+00 2.014470915800530726e+00 1.992420653650032181e+00 1.979498672944427051e+00 1.970321014737794085e+00 1.959219636125656194e+00
nan nan nan 4.494389616709876023e+00 4.144797563456902978e+00 4.124188877474780135e+00 4.207854574359717326e+00 4.216236833518869354e+00 4.232599296383765086e+00 4.196479795466361296e+00 4.119142979507024016e+00 4.081927230455583810e+00 4.065409955763213290e+00 4.046602357567363306e+00
nan nan nan nan 5.516907776593498625e+00 5.306077172257977814e+00 5.694931206493131448e+00 5.885127433841175204e+00 5.922019510688335764e+00 5.839937942268784710e+00 5.673367634196842424e+00 5.599919090934233346e+00 5.580791592278842472e+00 5.562072617589621792e+00
nan nan nan nan nan 6.127757369144267052e+00 7.034251787992486626e+00 7.330006390942603645e+00 7.202866851025509831e+00 6.917667379831471841e+00 6.554961944092269732e+00 6.367151735845230753e+00 6.290048117437108566e+00 6.211692065670282759e+00
nan nan nan nan nan nan 9.036077693996421800e+00 8.264137891220967091e+00 7.408924262163808727e+00 6.988153356490624191e+00 6.580197956130699133e+00 6.333354408888308917e+00 6.212561633303030462e+00 5.967674867623093071e+00
nan nan nan nan nan nan nan 7.098078926025105595e+00 5.927015970425746794e+00 5.423772598235799158e+00 4.927406031072680825e+00 4.602721019850465112e+00 4.455311573587355412e+00 4.300611872295361238e+00
nan nan nan nan nan nan nan nan 3.449889530516592639e+00 3.379241041235133469e+00 3.097902109405791915e+00 2.965693115808675451e+00 2.919554450432905401e+00 2.807169783501873184e+00
nan nan nan nan nan nan nan nan nan 3.259881550191018551e+00 2.836967600091173658e+00 2.712739882946680670e+00 2.650188775224313620e+00 2.508584568221687849e+00
nan nan nan nan nan nan nan nan nan nan 2.348100029703142244e+00 2.288395615941496430e+00 2.251188450874221036e+00 2.106324284575615380e+00
nan nan nan nan nan nan nan nan nan nan nan 2.161547424718112342e+00 2.032503955927627448e+00 1.840596075329322234e+00
nan nan nan nan nan nan nan nan nan nan nan nan 1.778374193418859717e+00 1.491893358164050998e+00
nan nan nan nan nan nan nan nan nan nan nan nan nan 1.128432484610362607e+00
