3.058700241979320111e+00 7.082325331435371574e+00 6.899483932035552769e+00 9.819367726409476305e+00 1.195131760823714728e+01 9.185686635287586554e+00 1.351162201685640341e+01 5.156628821321223022e+00 3.787166936319406485e+00 2.890396203522772378e+00 3.772069296605871536e+00 2.763414881032141945e+00 1.533511897129751889e+00 9.803023153252500288e-01
nan 2.965133210048609858e+00 3.025981938587621212e+00 3.050920287536954323e+00 3.214801829092024832e+00 3.242398789610474896e+00 3.226242419166409192e+00 3.239945763801127310e+00 3.260620577181703172e+00 3.276271834774343361e+00 3.272047214030032958e+00 3.280191898882788504e+00 3.287569464690829335e+00 3.283755442519844525e+00
nan nan 8.147486853494196879e+00 9.279925781301065157e+00 9.985024443076799372e+00 1.016068019344612061e+01 1.033393923573259521e+01 1.059646425404478620e+01 1.089416509714511072e+01 1.111419370910441096e+01 1.138392124305657305e+01 1.153419234482795197e+01 1.159061392902602883e+01 1.154777744168372422e+01
nan nan nan 1.339684569727286068e+01 1.393707070203097054e+01 1.284735601058836885e+01 1.294918726201497883e+01 1.329195618652169664e+01 1.348737339602253726e+01 1.366729586358574977e+01 1.400039183995469827e+01 1.420465886297642299e+01 1.447037557150989784e+01 1.471855848770756126e+01
nan nan nan nan 1.667365305589091662e+01 1.698867108754264876e+01 1.674304867145667686e+01 1.691287039794784164e+01 1.542935089112056168e+01 1.585113272821427621e+01 1.631418177390148472e+01 1.789450857476468215e+01 1.845277018383736944e+01 1.892258995625062568e+01
nan nan nan nan nan 1.701666316852429972e+01 1.765587724223030008e+01 1.787357194307985253e+01 1.763952914821834028e+01 1.778509893911981976e+01 1.786254842901373152e+01 1.762722411456924476e+01 1.734546619652021349e+01 1.753118451585190840e+01
nan nan nan nan nan nan 1.565052720392977115e+01 1.619988635267610633e+01 1.559670637788286207e+01 1.557100165003231496e+01 1.554215439207816907e+01 1.540097065945374055e+01 1.519174312538094007e+01 1.520303548885323508e+01
nan nan nan nan nan nan nan 1.611600840633486342e+01 1.287416143634737509e+01 1.311503875163214339e+01 1.211010742449178146e+01 1.274215584198692497e+01 1.279930236059962212e+01 1.324229588971265947e+01
nan nan nan nan nan nan nan nan 6.464149161262752408e+00 6.692872951756217326e+00 7.158324278445568289e+00 7.465846776575473243e+00 7.273319176349976267e+00 7.317259038853397790e+00
nan nan nan nan nan nan nan nan nan 5.557640310279138518e+00 6.225477880226634397e+00 6.366099958806331394e+00 5.917872463470434496e+00 5.705605362379908563e+00
nan nan nan nan nan nan nan nan nan nan 4.742942777213509764e+00 5.827697706102489050e+00 5.165435390791987658e+00 5.565481020560569370e+00
nan nan nan nan nan nan nan nan nan nan nan 5.546166828174877494e+00 5.200473926711905115e+00 5.378045150588054213e+00
nan nan nan nan nan nan nan nan nan nan nan nan 3.476887083889376395e+00 2.827838843984364026e+00
nan nan nan nan nan nan nan nan nan nan nan nan nan 2.257421538328781008e+00
