2.484943869065585176e+00 6.223185296126394483e+00 6.796017788614586941e+00 7.548321495137773063e+00 1.088128860594736125e+01 8.365787472981649486e+00 1.338017743877266597e+01 5.048354287432001541e+00 3.424231963683471491e+00 2.404463829161897603e+00 3.729498439792803044e+00 2.001919391092325640e+00 6.779907293156486325e-01 9.772948151949861773e-02
nan 2.755889145719323086e+00 2.851288510308514823e+00 2.925504921234657107e+00 3.085827159281971266e+00 3.094419199102941942e+00 3.087574217842295798e+00 3.105907728394467160e+00 3.134771629828375428e+00 3.154975264549534142e+00 3.161738018239852011e+00 3.168967649160376432e+00 3.172886039111494139e+00 3.169260600920908111e+00
nan nan 7.760865865269233055e+00 7.932696620710695257e+00 8.474322014602268638e+00 8.567230278361241957e+00 8.692651892466221497e+00 8.894938335476984648e+00 9.120354765754607129e+00 9.282850217586808839e+00 9.445200535813334852e+00 9.550857717462001517e+00 9.630262680741051184e+00 9.688104987881953178e+00
nan nan nan 1.019690627545470107e+01 1.192781263225299604e+01 1.201737933593487995e+01 1.205548451683723066e+01 1.240794182193597095e+01 1.272748764528285470e+01 1.308659926030789400e+01 1.354516679543842450e+01 1.379161986783810789e+01 1.404041333665319158e+01 1.426961950471591756e+01
nan nan nan nan 1.552332016312193730e+01 1.577917245444882255e+01 1.557292894949253181e+01 1.595538892472858983e+01 1.611400814495707223e+01 1.669017983641166225e+01 1.744876708434454216e+01 1.789220288093471467e+01 1.844705368032639470e+01 1.890024046865920937e+01
nan nan nan nan nan 1.720248240757504021e+01 1.627486193408984860e+01 1.640424171523594765e+01 1.590550138543773251e+01 1.624720135084943706e+01 1.666684264083493616e+01 1.692349787714943332e+01 1.733704736614941666e+01 1.769019997069890948e+01
nan nan nan nan nan nan 1.335734256728871827e+01 1.441920417685350309e+01 1.390903668304565244e+01 1.401340687865074308e+01 1.421775978594492429e+01 1.431714382887961534e+01 1.463957467129995038e+01 1.502110317853185784e+01
nan nan nan nan nan nan nan 1.547511139337897568e+01 1.300132180458466813e+01 1.232309542038396444e+01 1.182745097881143437e+01 1.171499673635877414e+01 1.192273249343266883e+01 1.243634176677773162e+01
nan nan nan nan nan nan nan nan 6.353072162248282417e+00 6.505899392773470957e+00 6.414791516830975482e+00 6.557217343839300661e+00 6.613654260140201302e+00 6.845558818413759461e+00
nan nan nan nan nan nan nan nan nan 5.094441192936874252e+00 5.083131547030735220e+00 5.203641096140717792e+00 5.122980455169104275e+00 5.192743080165136860e+00
nan nan nan nan nan nan nan nan nan nan 3.840848470286962968e+00 4.198868089282108862e+00 4.076751029285538230e+00 3.997585636358138128e+00
nan nan nan nan nan nan nan nan nan nan nan 4.230134120405304898e+00 3.773824073807058532e+00 3.464430503314884113e+00
nan nan nan nan nan nan nan nan nan nan nan nan 2.416760609261942694e+00 2.022947164986775181e+00
nan nan nan nan nan nan nan nan nan nan nan nan nan 6.544429044212878299e-01
