2.158961059962525297e+00 6.395902144990028404e+00 6.486438948604468457e+00 6.861373437443353929e+00 5.851910161385995401e+00 4.764390664048537616e+00 5.173002957252300860e+00 3.730259825718897027e+00 3.293333151726248964e+00 2.427879394301081017e+00 3.283619020195224891e+00 2.118249082634790614e+00 7.582659177423308750e-01 1.744166909224162121e-01
nan 2.653246331161218219e+00 2.835797427250241309e+00 2.901335904982570657e+00 3.045241694226926477e+00 3.038495961811526147e+00 3.022175245471538929e+00 3.026714389046996523e+00 3.058991119121311275e+00 3.075558049932590077e+00 3.077829453757151335e+00 3.080973083435900151e+00 3.083966912550837325e+00 3.079591273072437296e+00
nan nan 7.379088690973212294e+00 6.860260918747239423e+00 7.038055286038527925e+00 6.981805234045121544e+00 6.932577778775429245e+00 6.899548143080834528e+00 6.961820820286821032e+00 6.898399245546380953e+00 6.879789306813246519e+00 6.851410624211851541e+00 6.840872444507045458e+00 6.809448447197271825e+00
nan nan nan 1.036356398835371095e+01 1.116914348648503719e+01 1.062770826051179363e+01 1.008224680776552518e+01 9.768482242156068196e+00 9.658654188556957010e+00 9.397157044153630068e+00 9.433898063293966629e+00 9.390584874900881118e+00 9.404616588327852966e+00 9.381797169309436413e+00
nan nan nan nan 1.537152459892865686e+01 1.456324198055581043e+01 1.354796744079833992e+01 1.297315876996343675e+01 1.262018723624033889e+01 1.226738661675432240e+01 1.232952083811177069e+01 1.225833380236361059e+01 1.231626783768676070e+01 1.228372034047428762e+01
nan nan nan nan nan 1.593864774334636891e+01 1.517809140785458766e+01 1.495743917721604177e+01 1.439788714530892655e+01 1.415910157667533653e+01 1.424790885085217162e+01 1.420781706059221428e+01 1.438056461258405960e+01 1.443395992504882308e+01
nan nan nan nan nan nan 1.246160501355280559e+01 1.384713664980724701e+01 1.378427059102967966e+01 1.369631165118958904e+01 1.383209870514177098e+01 1.385359918112455091e+01 1.416444742272329016e+01 1.441006107359031319e+01
nan nan nan nan nan nan nan 1.416725279918885860e+01 1.287187744429136949e+01 1.227976805868729926e+01 1.183985940109409185e+01 1.171520094461270389e+01 1.193557051558457793e+01 1.237666872212042257e+01
nan nan nan nan nan nan nan nan 6.219964619160296415e+00 6.508447283091826741e+00 6.461169560985388749e+00 6.612025441864709308e+00 6.695924697944149351e+00 6.949599809346852730e+00
nan nan nan nan nan nan nan nan nan 5.166389230956790257e+00 5.207811582737902789e+00 5.356120179932537084e+00 5.309177227762055473e+00 5.414391312389063238e+00
nan nan nan nan nan nan nan nan nan nan 4.025908508914737283e+00 4.412436506430962524e+00 4.308998371364322288e+00 4.257930416236827220e+00
nan nan nan nan nan nan nan nan nan nan nan 4.430886625753887031e+00 4.006992219531237076e+00 3.718745863428182474e+00
nan nan nan nan nan nan nan nan nan nan nan nan 2.638583742630991491e+00 2.197099134173811752e+00
nan nan nan nan nan nan nan nan nan nan nan nan nan 6.650127470902111870e-01
