nan 1.832434032198804985e+01 3.660446493687694591e+00 6.356222104844859722e+00 3.230989223969655910e+01 -6.413126382683095983e+01 -1.047356247686097497e+01 -2.512163382071973761e+00 -3.242457226274333415e+00 -2.105230590179231864e+00 -2.422291747703276599e+00 -3.273741072116368223e+00 -1.718562311649879382e+00 -2.905805925381937715e+00
nan nan 9.833727648424961387e+00 1.278370447304206436e+01 3.918892714423180479e+01 -5.732420695043418846e+01 -4.035779980494582198e+00 3.394823763088921975e+00 2.388927710217745304e+00 3.310308400415388874e+00 2.856474430478728621e+00 1.852110553635631263e+00 3.321780875774394293e+00 2.083687051292331116e+00
nan nan nan 1.445856011258446827e+01 4.046484851139803141e+01 -5.567125337387948036e+01 -2.154835114013797792e+00 5.014275580073530136e+00 3.774349269422870190e+00 4.429355479100083315e+00 3.920255842587356376e+00 2.880650682158244713e+00 4.320129190044232459e+00 3.097322471799361043e+00
nan nan nan nan 4.213144396690102411e+01 -5.565418355011860285e+01 -2.209764843779574051e+00 4.970183133265202002e+00 3.672509035091666707e+00 4.301981132585430245e+00 3.774496364646491742e+00 2.716007078263467989e+00 4.141223422104006957e+00 2.901077937676662888e+00
nan nan nan nan nan -5.778904442274281905e+01 -3.660831604469735545e+00 4.055198028251258080e+00 3.104985411777168469e+00 3.826191404782649741e+00 3.326400376830572547e+00 2.290178791018824711e+00 3.724705661929351042e+00 2.476144841183834711e+00
nan nan nan nan nan nan -2.097117668499365095e+00 5.189920760316683257e+00 3.866424363965937250e+00 4.290528982983733641e+00 3.671887008780558403e+00 2.519068911454319881e+00 3.851060701605726333e+00 2.464261120738001853e+00
nan nan nan nan nan nan nan 5.014781002258004605e+00 3.005385011631215963e+00 3.115949778459168762e+00 2.432528756549092286e+00 1.235511334271740758e+00 2.539971756416072868e+00 1.154393100615993095e+00
nan nan nan nan nan nan nan nan 3.192423089286382520e-01 1.091799410218031507e+00 7.382889788733728587e-01 -2.396053857650293217e-01 1.159943759369920446e+00 -1.971671992899768355e-01
nan nan nan nan nan nan nan nan nan 1.207095408470634901e+00 9.209154748347336827e-01 -1.565879405601822150e-01 1.142418893733347485e+00 -2.891328497453069524e-01
nan nan nan nan nan nan nan nan nan nan 9.248241807262718162e-01 -3.480545457849735236e-01 8.659603777731530450e-01 -5.969234699239600594e-01
nan nan nan nan nan nan nan nan nan nan nan -7.741188007243877678e-01 4.435356959583445224e-01 -1.010938894471995475e+00
nan nan nan nan nan nan nan nan nan nan nan nan 6.433844001690980363e-02 -1.450995667597944516e+00
nan nan nan nan nan nan nan nan nan nan nan nan nan -2.045574241474466426e+00
