1.845599154582746038e-01 -1.808560950690825919e+01 -3.388266041014754038e+00 -6.069037011709321305e+00 -3.201046390662627772e+01 6.442746069361636785e+01 1.076613628479636198e+01 2.802569220263685157e+00 3.533302895135538524e+00 2.397015134454217211e+00 2.713997088973045813e+00 3.565546857453806950e+00 2.010572471881704626e+00 3.197095835360601601e+00
nan 2.387308150797901041e-01 2.721804526729404983e-01 2.871850931355384162e-01 2.994283330702792734e-01 2.961968667854029125e-01 2.925738079353874532e-01 2.904058381917115073e-01 2.908456688612050534e-01 2.917845442749855134e-01 2.917053412697693804e-01 2.918057853374387833e-01 2.920101602318252998e-01 2.912899099786637191e-01
nan nan 6.445461607410206462e+00 6.714667461332742171e+00 7.178463237605527070e+00 7.103253743182176727e+00 6.730356304301779780e+00 6.197392983352607132e+00 5.922230605353283828e+00 5.707323534869606085e+00 5.570471519451774434e+00 5.417657411089438213e+00 5.332353347656098919e+00 5.280782886652932717e+00
nan nan nan 8.389523100875146966e+00 8.454384604771757239e+00 8.756207319736891037e+00 8.611301170782564185e+00 7.816844800337215737e+00 7.307652164558408714e+00 6.826370613554300526e+00 6.634252931560402189e+00 6.446197539612051663e+00 6.330701661925936641e+00 6.294418307159962644e+00
nan nan nan nan 1.012098006027474462e+01 8.773277143497764996e+00 8.556371441016787927e+00 7.772752353528887603e+00 7.205811930227205231e+00 6.698996267039647456e+00 6.488493453619537554e+00 6.281553935717274939e+00 6.151795893985712027e+00 6.098173773037264489e+00
nan nan nan nan nan 6.638416270873546132e+00 7.105304680326626432e+00 6.857767248514942793e+00 6.638288306912706993e+00 6.223206539236866952e+00 6.040397465803618360e+00 5.855725648472631661e+00 5.735278133811055667e+00 5.673240676544436312e+00
nan nan nan nan nan nan 8.669018616296996882e+00 7.992489980580367970e+00 7.399727259101475774e+00 6.687544117437950852e+00 6.385884097753604216e+00 6.084615768908126832e+00 5.861633173487430959e+00 5.661356956098603455e+00
nan nan nan nan nan nan nan 7.817350222521690206e+00 6.538687906766754487e+00 5.512964912913385973e+00 5.146525845522138098e+00 4.801058191725547708e+00 4.550544228297777494e+00 4.351488935976594696e+00
nan nan nan nan nan nan nan nan 3.852545204064176776e+00 3.488814544672248719e+00 3.452286067846418671e+00 3.325941471688777629e+00 3.170516231251625072e+00 2.999928636070624766e+00
nan nan nan nan nan nan nan nan nan 3.604110542924852112e+00 3.634912563807779495e+00 3.408958916893624735e+00 3.152991365615052111e+00 2.907962985615294649e+00
nan nan nan nan nan nan nan nan nan nan 3.638821269699317629e+00 3.217492311668833427e+00 2.876532849654857671e+00 2.600172365436641542e+00
nan nan nan nan nan nan nan nan nan nan nan 2.791428056729419183e+00 2.454108167840049148e+00 2.186156940888606126e+00
nan nan nan nan nan nan nan nan nan nan nan nan 2.074910911898614430e+00 1.746100167762657085e+00
nan nan nan nan nan nan nan nan nan nan nan nan nan 1.151521593886134953e+00
