3.841241612091461644e-02 3.182041965934428313e-02 1.784882900315585066e-02 1.541994932569697684e-02 8.646963977235851834e-03 5.817975748774083071e-03 3.123237004563358000e-03 1.069569204893965975e-03 5.900094639044394483e-04 4.103231157007573870e-04 2.783763320727305796e-04 9.235180915489411336e-05 1.394395754020532963e-05 -2.802556776882396378e-05
nan 1.143188802962443740e-01 1.244393372050342644e-01 1.312876838081085129e-01 1.381489144512037248e-01 1.374299624689848676e-01 1.362312031919084565e-01 1.353548040568450794e-01 1.353912286745321547e-01 1.353098359472802159e-01 1.341967669899282734e-01 1.330281465770068172e-01 1.323921314391240944e-01 1.316905218295208180e-01
nan nan 8.382694553327801890e-02 9.510736171428167685e-02 1.024131527163915228e-01 1.032341325841098362e-01 1.032380933036248088e-01 1.031584853791635142e-01 1.035191394736174886e-01 1.030845445909132491e-01 1.015021181259881111e-01 1.001077101629819915e-01 9.907507541052754108e-02 9.810831640465039749e-02
nan nan nan 6.457119762130170137e-02 7.585376824911937987e-02 7.866902763723840342e-02 8.008520977240275729e-02 8.124088608850625615e-02 8.256180784835334685e-02 8.250134275631068603e-02 8.108738404352291984e-02 7.972445747951899253e-02 7.873926539018562265e-02 7.791003822931766298e-02
nan nan nan nan 5.470973776264121541e-02 6.280371500931668238e-02 6.669249047281121390e-02 6.936699399638678043e-02 7.153937784468175631e-02 7.146630251707744574e-02 7.018501863325876666e-02 6.888290303368957423e-02 6.792347889147072604e-02 6.713570297347329352e-02
nan nan nan nan nan 3.942272561464484765e-02 4.969946180020193283e-02 5.566420666045863302e-02 5.904589220782161668e-02 5.927526666628233493e-02 5.825700123185797302e-02 5.714922473152000276e-02 5.634508536626964964e-02 5.571612392119140028e-02
nan nan nan nan nan nan 3.113962620005216592e-02 4.104702852406269531e-02 4.489608746080329255e-02 4.522514996545808769e-02 4.473114331833985546e-02 4.408059374286217580e-02 4.354744812704346157e-02 4.312203801105726070e-02
nan nan nan nan nan nan nan 1.929997027969903786e-02 2.357061916461919773e-02 2.465657105779943403e-02 2.504876635896435139e-02 2.511589605125178620e-02 2.500461937686725145e-02 2.479329799099872986e-02
nan nan nan nan nan nan nan nan 7.228908378642442088e-03 9.284166212912154867e-03 1.029521622653323601e-02 1.085657072040948842e-02 1.105560177377673189e-02 1.097765678632857053e-02
nan nan nan nan nan nan nan nan nan 4.075243041899944546e-03 5.342855713284095504e-03 6.112540967534514820e-03 6.434570661250096912e-03 6.411748214876241900e-03
nan nan nan nan nan nan nan nan nan nan 2.271207696357084756e-03 3.173140837890713051e-03 3.573639842053954324e-03 3.583759440968044795e-03
nan nan nan nan nan nan nan nan nan nan nan 1.460897524796875725e-03 1.906042044787279073e-03 1.950607985106691351e-03
nan nan nan nan nan nan nan nan nan nan nan nan 7.438170279143824183e-04 8.276972337256500133e-04
nan nan nan nan nan nan nan nan nan nan nan nan nan 2.449418247056291847e-04
