2.477461496275058295e+00 8.261916795076441389e+00 8.721586246523244768e+00 9.690365414696632484e+00 9.423397724368197004e+00 7.392012975249803830e+00 6.393773880334705950e+00 5.000757421362116872e+00 4.383398529427715573e+00 3.512765796196766210e+00 3.442435933032570006e+00 1.677497156539486722e+00 3.833800269313644149e-01 -1.278023342615736802e+00
nan 3.448413614198837074e+00 3.487776253285660211e+00 3.521428091874709843e+00 3.694102303531294762e+00 3.700008133955734912e+00 3.682017590840636068e+00 3.682147106589527041e+00 3.700749623733169180e+00 3.707291581377321066e+00 3.683484438267079941e+00 3.654984942513034518e+00 3.636429123252805429e+00 3.610981409591142999e+00
nan nan 1.037309508839916106e+01 1.078425752280776884e+01 1.187799896081496520e+01 1.225680900057403910e+01 1.250950924504009443e+01 1.271206642517805108e+01 1.291573468863603757e+01 1.310756250882921137e+01 1.334632481470648990e+01 1.339937712184594965e+01 1.336830848572373753e+01 1.327561784278340795e+01
nan nan nan 1.456277529949309191e+01 1.605793384742045404e+01 1.615804821878145958e+01 1.572124836206377552e+01 1.553937162962947660e+01 1.542027757227496743e+01 1.560264510040359021e+01 1.603087770043866556e+01 1.601425571094610589e+01 1.610620118144553103e+01 1.603537778057436824e+01
nan nan nan nan 1.898549614907170735e+01 1.919623458097098734e+01 1.790064621541429091e+01 1.708716969260021656e+01 1.649996516676294789e+01 1.661991894070423470e+01 1.702211482152775091e+01 1.698596768674207880e+01 1.716850018316876003e+01 1.706906643608892438e+01
nan nan nan nan nan 1.729042240035270694e+01 1.596739401161060101e+01 1.516343783932249778e+01 1.448192170323496342e+01 1.439146745981727449e+01 1.452980636706832662e+01 1.434436852503632487e+01 1.437227040666970801e+01 1.418511970572792258e+01
nan nan nan nan nan nan 1.356336418808274935e+01 1.367866596428894788e+01 1.292513664416998331e+01 1.276335113187121095e+01 1.272508095059194666e+01 1.239483975843699604e+01 1.230677097008627285e+01 1.208757271494846997e+01
nan nan nan nan nan nan nan 1.336421923928458533e+01 1.204950037323306944e+01 1.179605105940919252e+01 1.154394033720664048e+01 1.100040862626372018e+01 1.083397319251725577e+01 1.058699064806066836e+01
nan nan nan nan nan nan nan nan 8.080330418705880646e+00 8.225005717895472301e+00 7.902822336333027664e+00 7.332752204154714626e+00 7.119096435527518807e+00 6.826917768793538066e+00
nan nan nan nan nan nan nan nan nan 7.375777805711973834e+00 6.646325412891335382e+00 5.866757053372559483e+00 5.533419459754076897e+00 5.189781491874988717e+00
nan nan nan nan nan nan nan nan nan nan 4.658041773682733755e+00 4.198252104158453513e+00 3.903471311768909047e+00 3.564514704077792473e+00
nan nan nan nan nan nan nan nan nan nan nan 3.308822187658446268e+00 3.061449034652699464e+00 2.644145167866490453e+00
nan nan nan nan nan nan nan nan nan nan nan nan 2.193225717358896709e+00 1.619971027649315776e+00
nan nan nan nan nan nan nan nan nan nan nan nan nan 3.496577490187432469e-01
